busdata=[   1.0000    2.0000    1.0000    0.9000    0.4900         0         0         0         0         0;
            2.0000    2.0000    1.0000    0.5600    0.1500         0         0         0         0         0;
            3.0000    2.0000    1.0000    0.2000         0         0         0         0         0         0;
            4.0000    2.0000    1.0000         0         0         0         0         0         0         0;
            5.0000    2.0000    1.0000    3.5300    1.3000         0         0         0         0         0;
            6.0000    2.0000    1.0000    1.2000    0.4100         0         0         0         0         0;
            7.0000    2.0000    1.0000         0         0         0         0         0         0         0;
            8.0000    3.0000    1.0153    0.5800    0.1400   -0.0500         0   -0.1000    0.1000         0;
            9.0000    2.0000    1.0000    0.9600    0.4300         0         0         0         0         0;
           10.0000    3.0000    1.0205    1.4800    0.3300   -0.0500         0   -0.2000    0.2000         0;
           11.0000    2.0000    1.0000    0.8300    0.2100         0         0         0         0         0;
           12.0000    2.0000    1.0000         0         0         0         0         0         0         0;
           13.0000    2.0000    1.0000    0.5800    0.1000         0         0         0         0         0;
           14.0000    2.0000    1.0000    1.6000    0.6000         0         0         0         0         0;
           15.0000    2.0000    1.0000    1.2670    0.2300         0         0         0         0         0;
           16.0000    2.0000    1.0000         0         0         0         0         0         0         0;
           17.0000    2.0000    1.0000    5.6100    2.2000         0         0         0         0         0;
           18.0000    2.0000    1.0000         0         0         0         0         0         0         0;
           19.0000    3.0000    1.0010    5.9500    1.2000   -0.1000         0   -0.2000    0.2000         0;
           20.0000    2.0000    1.0000    0.7700    0.0100         0         0         0         0         0;
           21.0000    2.0000    1.0000    0.8100    0.2300         0         0         0         0         0;
           22.0000    2.0000    1.0000    0.2100    0.0700         0         0         0         0         0;
           23.0000    2.0000    1.0000         0         0         0         0         0         0         0;
           24.0000    2.0000    1.0000    0.4500    0.1200         0         0         0         0         0;
           25.0000    2.0000    1.0000    0.2800    0.0900         0         0         0         0         0;
           26.0000    2.0000    1.0000    0.6900    0.1300         0         0         0         0         0;
           27.0000    2.0000    1.0000    0.5500    0.0600         0         0         0         0         0;
           28.0000    2.0000    1.0000         0         0         0         0         0         0         0;
           29.0000    2.0000    1.0000         0         0         0         0         0         0         0;
           30.0000    2.0000    1.0000         0         0         0         0         0         0         0;
           31.0000    2.0000    1.0000    0.8500    0.3200         0         0         0         0         0;
           32.0000    2.0000    1.0000    1.5500    0.1800         0         0         0         0         0;
           33.0000    2.0000    1.0000         0         0         0         0         0         0         0;
           34.0000    2.0000    1.0000    0.4600   -0.2100         0         0         0         0         0;
           35.0000    2.0000    1.0000    0.8600         0         0         0         0         0         0;
           36.0000    2.0000    1.0000         0         0         0         0         0         0         0;
           37.0000    2.0000    1.0000    0.3900    0.0900         0         0         0         0         0;
           38.0000    2.0000    1.0000    1.9500    0.2900         0         0         0         0         0;
           39.0000    2.0000    1.0000         0         0         0         0         0         0         0;
           40.0000    2.0000    1.0000         0         0         0         0         0         0         0;
           41.0000    2.0000    1.0000    0.5800    0.1180         0         0         0         0         0;
           42.0000    2.0000    1.0000    0.4100    0.1900         0         0         0         0         0;
           43.0000    2.0000    1.0000    0.9200    0.2600         0         0         0         0         0;
           44.0000    2.0000    1.0000   -0.0500    0.0500         0         0         0         0         0;
           45.0000    2.0000    1.0000    0.6100    0.2800         0         0         0         0         0;
           46.0000    2.0000    1.0000    0.6900    0.0300         0         0         0         0         0;
           47.0000    2.0000    1.0000    0.1000    0.0100         0         0         0         0         0;
           48.0000    2.0000    1.0000    0.2200    0.1000         0         0         0         0         0;
           49.0000    2.0000    1.0000    0.9800    0.2000         0         0         0         0         0;
           50.0000    2.0000    1.0000    0.1400    0.0100         0         0         0         0         0;
           51.0000    2.0000    1.0000    2.1800    1.0600         0         0         0         0         0;
           52.0000    2.0000    1.0000         0         0         0         0         0         0         0;
           53.0000    2.0000    1.0000    2.2700    1.1000         0         0         0         0         0;
           54.0000    2.0000    1.0000         0         0         0         0         0         0         0;
           55.0000    3.0000    0.9583    0.7000    0.3000         0         0   -0.2500    0.2500         0;
           56.0000    2.0000    1.0000         0         0         0         0         0         0         0;
           57.0000    2.0000    1.0000         0         0         0         0         0         0         0;
           58.0000    2.0000    1.0000    0.5600    0.2000         0         0         0         0         0;
           59.0000    2.0000    1.0000    1.1600    0.3800         0         0         0         0         0;
           60.0000    2.0000    1.0000    0.5700    0.1900         0         0         0         0         0;
           61.0000    2.0000    1.0000    2.2400    0.7100         0         0         0         0         0;
           62.0000    2.0000    1.0000         0         0         0         0         0         0         0;
           63.0000    3.0000    0.9632    2.0800    1.0700         0         0    0.1200    0.3500         0;
           64.0000    2.0000    1.0000    0.7400    0.2800         0         0         0         0         0;
           65.0000    2.0000    1.0000         0         0         0         0         0         0         0;
           66.0000    2.0000    1.0000    0.4800    0.1400         0         0         0         0         0;
           67.0000    2.0000    1.0000    0.2800    0.0700         0         0         0         0         0;
           68.0000    2.0000    1.0000         0         0         0         0         0         0         0;
           69.0000    3.0000    1.0250    0.3700    0.1300    3.7500         0   -2.4000    2.4000         0;
           70.0000    2.0000    1.0000         0         0         0         0         0         0         0;
           71.0000    2.0000    1.0000         0         0         0         0         0         0         0;
           72.0000    2.0000    1.0000         0         0         0         0         0         0         0;
