busdata=[1.000 	3.000 	0.955 	0.510 	0.270 	0.000 	0.000	-0.500 	0.1500 	0.000 	;
2.000 	2.000 	1.000 	0.200 	0.090 	0.000 	0.000 	0.000 	0.000 	0.000 	;
3.000 	2.000 	1.000	0.390 	0.100 	0.000 	0.000 	0.000 	0.000 	0.000 	;
4.000 	3.000 	0.998 	0.300 	0.120 	-0.090 	0.000 	-3.000 	3.000 	0.000 	;
5.000 	2.000 	1.000 	0.000 	0.000 	0.000 	0.000 	0.000 	0.000 	-0.400 	;
6.000 	3.000 	0.990 	0.520 	0.220 	0.000 	0.000 	-0.130 	0.500 	0.000 	;
7.000 	2.000 	1.000 	0.190 	0.020 	0.000 	0.000 	0.000 	0.000 	0.000 	;
8.000 	3.000 	1.015 	0.000 	0.000 	-0.280 	0.000 	-3.000 	3.000 	0.000 	;
9.000 	2.000 	1.000 	0.000 	0.000 	0.000 	0.000 	0.000 	0.000 	0.000 	;
10.000 	3.000 	1.050 	0.000 	0.000 	4.500 	0.000 	-1.470 	2.000 	0.000 	;
11.000 	2.000 	1.000	0.700 	0.230 	0.000 	0.000 	0.000 	0.000 	0.000 	;
12.000 	3.000 	0.990 	0.470 	0.100 	0.850 	0.000 	-0.350 	1.200 	0.000 	;
13.000 	2.000 	1.000 	0.340 	0.160 	0.000 	0.000 	0.000 	0.000 	0.000 	;
14.000 	2.000 	1.000	0.140 	0.010 	0.000 	0.000 	0.000 	0.000 	0.000 	;
15.000 	3.000 	0.970 	0.900 	0.300 	0.000 	0.000 	-0.100 	0.300 	0.000 	;
16.000 	2.000 	1.000	0.250 	0.100 	0.000 	0.000 	0.000 	0.000 	0.000 	;
17.000 	2.000 	1.000	0.110 	0.030 	0.000 	0.000 	0.000 	0.000 	0.000 	;
18.000 	3.000 	0.973 	0.600 	0.340 	0.000 	0.000 	-0.160 	0.500 	0.000 	;
19.000 	3.000 	0.962 	0.450 	0.250 	0.000 	0.000 	-0.080 	0.240 	0.000 	;
20.000 	2.000 	1.000	0.180 	0.030 	0.000 	0.000 	0.000 	0.000 	0.000 	;
21.000 	2.000 	1.000 	0.140 	0.080 	0.000 	0.000 	0.000 	0.000 	0.000 	;
22.000 	2.000 	1.000	0.100 	0.050 	0.000 	0.000 	0.000 	0.000 	0.000 	;
23.000 	2.000 	1.000 	0.070 	0.030 	0.000 	0.000 	0.000 	0.000 	0.000 	;
24.000 	3.000 	0.992 	0.000 	0.000 	-0.130 	0.000 	-3.000 	3.000 	0.000 	;
25.000 	3.000 	1.050 	0.000 	0.000 	2.200 	0.000 	-0.470 	1.400 	0.000 	;
26.000 	3.000 	1.015 	0.000 	0.000 	3.140 	0.000 	-10.000 10.000 	0.000 	;
27.000 	3.000 	0.968 	0.620 	0.130 	0.090 	0.000 	-3.000 	3.000 	0.000 	;
28.000 	2.000 	1.000 	0.170 	0.070 	0.000 	0.000 	0.000 	0.000 	0.000 	;
29.000 	2.000 	1.000	0.240 	0.040 	0.000 	0.000 	0.000 	0.000 	0.000 	;
30.000 	2.000 	1.000	0.000 	0.000 	0.000 	0.000 	0.000 	0.000 	0.000 	;
31.000 	3.000 	0.967 	0.430 	0.270 	0.070 	0.000 	-3.000 	3.000 	0.000 	;
32.000 	3.000 	0.963 	0.590 	0.230 	0.000 	0.000 	-0.140 	0.420 	0.000 	;
33.000 	2.000 	1.000	0.230 	0.090 	0.000 	0.000 	0.000 	0.000 	0.000 	;
34.000 	3.000 	0.984 	0.590 	0.260 	0.000 	0.000 	-0.080 	0.240 	0.140 	;
35.000 	2.000 	1.000	0.330 	0.090 	0.000 	0.000 	0.000 	0.000 	0.000 	;
36.000 	3.000 	0.980 	0.310 	0.170 	0.000 	0.000 	-0.080 	0.240 	0.000 	;
37.000 	2.000 	1.000	0.000 	0.000 	0.000 	0.000 	0.000 	0.000 	-0.250 	;
38.000 	2.000 	1.000	0.000 	0.000 	0.000 	0.000 	0.000 	0.000 	0.000 	;
39.000 	2.000 	1.000 	0.270 	0.110 	0.000 	0.000 	0.000 	0.000 	0.000 	;
40.000 	3.000 	0.970 	0.200 	0.230 	-0.460 	0.000 	-3.000 	3.000 	0.000 	;
41.000 	2.000 	1.000	0.370 	0.100 	0.000 	0.000 	0.000 	0.000 	0.000 	;
42.000 	3.000 	0.985 	0.370 	0.230 	-0.590 	0.000 	-3.000 	3.000 	0.000 	;
43.000 	2.000 	1.000	0.180 	0.070 	0.000 	0.000 	0.000 	0.000 	0.000 	;
44.000 	2.000 	1.000 	0.160 	0.080 	0.000 	0.000 	0.000 	0.000 	0.100 	;
45.000 	2.000 	1.000 	0.530 	0.220 	0.000 	0.000 	0.000 	0.000 	0.100 	;
46.000 	3.000 	1.005 	0.280 	0.100 	0.190 	0.000 	-1.000 	1.000 	0.100 	;
47.000 	2.000 	1.000	0.340 	0.000 	0.000 	0.000 	0.000 	0.000 	0.000 	;
48.000 	2.000 	1.000 	0.200 	0.110 	0.000 	0.000 	0.000 	0.000 	0.150 	;
49.000 	3.000 	1.025 	0.870 	0.300 	2.040 	0.000 	-0.850 	2.100 	0.000 	;
50.000 	2.000 	1.000 	0.170 	0.040 	0.000 	0.000 	0.000 	0.000 	0.000 	;
51.000 	2.000 	1.000 	0.170 	0.080 	0.000 	0.000 	0.000 	0.000 	0.000 	;
52.000 	2.000 	1.000 	0.180 	0.050 	0.000 	0.000 	0.000 	0.000 	0.000 	;
53.000 	2.000 	1.000	0.230 	0.110 	0.000 	0.000 	0.000 	0.000 	0.000 	;
54.000 	3.000 	0.955 	1.130 	0.320 	0.480 	0.000 	-3.000 	3.000 	0.000 	;
55.000 	3.000 	0.952 	0.630 	0.220 	0.000 	0.000 	-0.080 	0.230 	0.000 	;
56.000 	3.000 	0.954 	0.840 	0.180 	0.000 	0.000 	-0.080 	0.150 	0.000 	;
57.000 	2.000 	1.000	0.120 	0.030 	0.000 	0.000 	0.000 	0.000 	0.000 	;
58.000 	2.000 	1.000	0.120 	0.030 	0.000 	0.000 	0.000 	0.000 	0.000 	;
59.000 	3.000 	0.985 	2.770 	1.130 	1.550 	0.000 	-0.600 	1.800 	0.000 	;
60.000 	2.000 	1.000	0.780 	0.030 	0.000 	0.000 	0.000 	0.000 	0.000 	;
61.000 	3.000 	0.995 	0.000 	0.000 	1.600 	0.000 	-1.000 	3.000 	0.000 	;
62.000 	3.000 	0.998 	0.770 	0.140 	0.000 	0.000 	-0.200 	0.200 	0.000 	;
63.000 	2.000 	1.000 	0.000 	0.000 	0.000 	0.000 	0.000 	0.000 	0.000 	;
64.000 	2.000   1.000	0.000 	0.000 	0.000 	0.000 	0.000 	0.000 	0.000 	;
65.000 	3.000 	1.005 	0.000 	0.000 	3.910 	0.000 	-0.670 	2.000 	0.000 	;
66.000 	3.000 	1.050 	0.390 	0.180 	3.920 	0.000 	-0.670 	2.000 	0.000 	;
67.000 	2.000 	1.000	0.280 	0.070 	0.000 	0.000 	0.000 	0.000 	0.000 	;
68.000 	2.000 	1.000 	0.000 	0.000 	0.000 	0.000 	0.000 	0.000 	0.000 	;
69.000 	1.000 	1.035 	0.000 	0.000 	5.160 	0.000 	-3.000 	3.000 	0.000 	;
70.000 	3.000 	0.984 	0.660 	0.200 	0.000 	0.000 	-0.100 	0.320 	0.000 	;
71.000 	2.000 	1.000 	0.000 	0.000 	0.000 	0.000 	0.000 	0.000 	0.000 	;
72.000 	3.000 	0.980 	0.000 	0.000 	-0.120 	0.000 	-1.000 	1.000 	0.000 	;
73.000 	3.000 	0.991 	0.000 	0.000 	-0.060 	0.000 	-1.000 	1.000 	0.000 	;
74.000 	3.000 	0.958 	0.680 	0.270 	0.000 	0.000 	-0.060 	0.090 	0.120 	;
75.000 	2.000 	1.000	0.470 	0.110 	0.000 	0.000 	0.000 	0.000 	0.000 	;
76.000 	3.000 	0.943 	0.680 	0.360 	0.000 	0.000 	-0.080 	0.230 	0.000 	;
77.000 	3.000 	1.006 	0.610 	0.280 	0.000 	0.000 	-0.200 	0.700 	0.000 	;
78.000 	2.000 	1.000 	0.710 	0.260 	0.000 	0.000 	0.000 	0.000 	0.000 	;
79.000 	2.000 	1.000 	0.390 	0.320 	0.000 	0.000 	0.000 	0.000 	0.200 	;
80.000 	3.000 	1.040 	1.300 	0.260 	4.770 	0.000 	-1.650 	2.800 	0.000 	;
81.000 	2.000 	1.000	0.000 	0.000 	0.000 	0.000 	0.000 	0.000 	0.000 	;
82.000 	2.000 	1.000	0.540 	0.270 	0.000 	0.000 	0.000 	0.000 	0.200 	;
83.000 	2.000 	1.000 	0.200 	0.100 	0.000 	0.000 	0.000 	0.000 	0.100 	;
84.000 	2.000 	1.000	0.110 	0.070 	0.000 	0.000 	0.000 	0.000 	0.000 	;
85.000 	3.000 	0.985 	0.240 	0.150 	0.000 	0.000 	-0.080 	0.230 	0.000 	;
86.000 	2.000 	1.000 	0.210 	0.100 	0.000 	0.000 	0.000 	0.000 	0.000 	;
87.000 	3.000 	1.015 	0.000 	0.000 	0.040 	0.000 	-1.000 	10.000 	0.000 	;
88.000 	2.000 	1.000 	0.480 	0.100 	0.000 	0.000 	0.000 	0.000 	0.000 	;
89.000 	3.000 	1.005 	0.000 	0.000 	6.070 	0.000 	-2.100 	3.000 	0.000 	;
90.000 	3.000 	0.985 	0.780 	0.420 	-0.85 	0.000 	-3.000 	3.000 	0.000 	;
91.000 	3.000 	0.980 	0.000 	0.000 	-0.10 	0.000 	-1.000 	1.000 	0.000 	;
92.000 	3.000 	0.990 	0.650 	0.100 	0.000 	0.000 	-0.030 	0.090 	0.000 	;
93.000 	2.000 	1.000 	0.120 	0.070 	0.000 	0.000 	0.000 	0.000 	0.000 	;
94.000 	2.000 	1.000	0.300 	0.160 	0.000 	0.000 	0.000 	0.000 	0.000 	;
95.000 	2.000 	1.000 	0.420 	0.310 	0.000 	0.000 	0.000 	0.000 	0.000 	;
96.000 	2.000 	1.000 	0.380 	0.150 	0.000 	0.000 	0.000 	0.000 	0.000 	;
97.000 	2.000 	1.000 	0.150 	0.090 	0.000 	0.000 	0.000 	0.000 	0.000 	;
98.000 	2.000 	1.000 	0.340 	0.080 	0.000 	0.000 	0.000 	0.000 	0.000 	;
99.000 	3.000 	1.010 	0.000 	0.000 	-0.420 	0.000 	-1.000 	1.000 	0.000 	;
100.000 	3.000 	1.017 	0.370 	0.180 	2.520 	0.000 	-0.500 	1.550 	0.000 	;
101.000 	2.000 	1.000	0.220 	0.150 	0.000 	0.000 	0.000 	0.000 	0.000 	;
102.000 	2.000 	1.000	0.050 	0.030 	0.000 	0.000 	0.000 	0.000 	0.000 	;
103.000 	3.000 	1.01 	0.230 	0.160 	0.400 	0.000 	-0.150 	0.400 	0.000 	;
104.000 	3.000 	0.971 	0.380 	0.250 	0.000 	0.000 	-0.080 	0.230 	0.000 	;
105.000 	3.000 	0.965 	0.310 	0.260 	0.000 	0.000 	-0.080 	0.230 	0.200 	;
106.000 	2.000 	1.000 	0.430 	0.160 	0.000 	0.000 	0.000 	0.000 	0.000 	;
107.000 	3.000 	0.952 	0.280 	0.120 	-0.22	0.000 	-2.000 	2.000 	0.060 	;
108.000 	2.000 	1.000	0.020 	0.010 	0.000 	0.000 	0.000 	0.000 	0.000 	;
109.000 	2.000 	1.000	0.080 	0.030 	0.000 	0.000 	0.000 	0.000 	0.000 	;
